1568020858 4152
1570011611 4150
1570336639 9635
1570353725 9605
1570357526 9719
1570357817 9740
1570416382 9762
1570432564 9985
1570433593 9633
1570435607 9667
1570522827 9672
1570601150 9859
1570784743 9880
1570969760 10207
1571065888 10225
1571066632 10198
1571067668 10879
1571085766 10889
1571090248 10889
1571205494 10943
1571216248 10951
1571244374 11058
1571244549 11109
1571246922 11109
1571248694 11142
1571296614 11158
1571296644 11158
1571314739 11343
1571314913 11343
1571373110 11417
1571516165 11417
1571571426 11510
1571635552 11614
1571640821 11795
1571645068 11789
1571654437 12320
1571655261 12316
1571655619 12364
1571822132 12522
1571896936 12536
1571897163 12949
1571898109 12983
1571915400 13239
1571921035 13403
1571974129 13440
1572242775 13439
1572254955 13459
1572340614 13508
1572414602 13614
1572414721 13963
1572705949 14119
1572852089 14237
1572858992 14349
1572864819 14339
1573114185 14538
1573120864 14531
1573125368 14556
1573404475 14631
1573472549 14696
1573632898 14971
1573636100 15232
1573642341 15246
1573702109 15268
1573740568 15265
1573812141 15288
1573817185 15310
1574054385 15268
1574064049 15302
1574067603 15351
1574072215 15404
1574159362 15418
1574247768 15726
1574271051 15740
1574409405 15800
1574412391 15800
1574670604 15997
1574672042 15970
1574672578 15970
1574737582 16030
1574797546 16056
1574869787 16063
1574908392 16063
1575007028 16089
1575089407 16196
1575347438 16422
1575404211 16519
1575442393 16820
1575624199 16815
1575881331 17211
1575947288 17232
1576044944 17242
1576050333 17242
1576054694 17243
1576074506 17249
1576074539 17245
1576501313 17182
1576501320 17406
1576503529 17457
1576503982 17460
1576504884 17464
1576644987 17461
1576645078 17533
1577077053 17570
1577077074 17570
1578547384 17573
1578547438 17892
1579529239 17989
1579620946 18051
1588157585 18051
1588157768 18051
1588307682 18055
1588308776 18080
1588308978 12310
1588404838 12305
1588412611 12305
1588412620 12462
1588434280 12462
1588492906 12620
1588496209 12699
1588500399 12708
1588500449 12797
1588581847 13051
1588582203 13148
1588582217 13151
1588606248 13285
1588606277 13296
1588737766 13316
1588819666 13332
